11
0.0000 0.0000 0.3000 0.0000 0.0000 0.0000
0.0000 -0.1340 0.0679 0.1667 0.0000 0.0000
0.0000 -0.2570 -0.1451 0.1667 0.0000 0.0000
-0.1182 -0.4641 -0.1181 -0.0361 -0.0286 -0.0769
-0.2180 -0.4980 -0.2689 -0.1618 0.3920 0.1931
-0.2515 -0.4429 0.0070 -0.2028 0.1820 -0.3146
0.0000 -0.1310 0.5269 -0.1667 0.0000 0.0000
0.0010 -0.6041 -0.1240 -0.1118 0.2774 -0.0127
0.1635 -0.2119 0.5511 -0.0611 0.4449 -0.1714
-0.1092 -0.2784 0.5127 -0.0397 -0.4652 0.0951
-0.0906 -0.0336 0.6540 -0.1274 -0.4597 0.3874
2 -1 54 9 -1 -1 -1 -1 -1
3 0 18 -1 -1 -1 -1 -1 -1
1 9 -1 -1 27 -1 -1 -1 -1
1 18 63 36 45 -1 -1 -1 -1
0 27 -1 -1 -1 -1 -1 -1 -1
0 27 -1 -1 -1 -1 -1 -1 -1
1 0 72 81 90 -1 -1 -1 -1
0 27 -1 -1 -1 -1 -1 -1 -1
0 54 -1 -1 -1 -1 -1 -1 -1
0 54 -1 -1 -1 -1 -1 -1 -1
0 54 -1 -1 -1 -1 -1 -1 -1