11
0.0000 0.0000 0.0000 0.0000 0.0000 0.0000
-0.1554 -0.0875 -0.1919 -0.1958 -0.3917 0.0000
0.0000 0.2400 0.0000 0.0000 0.5000 0.5000
0.2133 -0.0801 -0.0755 -0.1958 0.3042 0.0000
0.1873 -0.1870 -0.3133 -0.0336 -0.2480 -0.1815
0.2825 -0.2902 0.0649 -0.0112 -0.1621 0.1014
0.4003 0.0892 -0.0049 -0.0991 -0.1614 0.3963
0.2328 0.3275 0.0824 0.1958 0.1958 0.5000
-0.1290 0.3275 -0.2106 0.1958 -0.4125 -0.5000
-0.1290 -0.0875 0.2106 -0.1958 -0.0875 0.0000
-0.1554 0.3275 0.1919 0.1958 -0.1083 -0.5000
0 1 2 3 1 9 -1 -1 -1 -1
1 2 0 -1 -1 -1 -1 -1 -1 -1
2 1 0 7 10 8 -1 -1 -1 -1
3 1 0 4 5 6 -1 -1 -1 -1
4 2 3 -1 -1 -1 -1 -1 -1 -1
5 2 3 -1 -1 -1 -1 -1 -1 -1
6 2 3 -1 -1 -1 -1 -1 -1 -1
7 2 2 -1 -1 -1 -1 -1 -1 -1
8 2 2 -1 -1 -1 -1 -1 -1 -1
9 2 0 -1 -1 -1 -1 -1 -1 -1
10 2 2 -1 -1 -1 -1 -1 -1 -1